0
191
4 0
7 1
12 20
17 107
19 131
24 132
28 392
32 579
37 622
43 623
48 657
54 667
59 786
64 798
69 869
74 880
84 911
97 912
105 913
109 914
114 915
117 916
122 917
127 918
128 919
132 947
135 949
143 950
156 951
163 952
166 953
169 954
172 955
174 956
178 957
188 958
191 960
192 961
197 962
198 963
207 964
213 965
217 966
242 967
435 968
440 1380
443 1383
447 1881
452 1890
457 1898
462 1899
473 1901
521 1932
560 2015
565 3321
568 3476
572 3477
634 3620
637 4881
641 4891
673 4892
676 4893
682 4894
685 4895
691 4897
694 4978
699 4979
703 4981
706 4982
710 4996
720 4997
724 5001
726 5002
743 11121
747 11122
752 11123
758 11124
761 11125
768 11126
775 11127
778 11128
782 11129
786 15251
792 15263
797 15279
801 17040
804 17664
809 17671
810 17672
814 17673
819 20079
823 21802
831 21830
836 21831
841 21832
847 21892
850 24881
856 27948
895 28466
905 28469
917 28470
920 30361
925 30362
945 30538
948 30539
952 30750
955 30768
988 30795
993 30796
998 30810
1006 30811
1013 30813
1017 30814
1020 30817
1024 30820
1029 31060
1032 31061
1040 31153
1046 31318
1052 31319
1056 31368
1059 31369
1063 31387
1075 31390
1093 31400
1102 31401
1120 31406
1123 31412
1128 31413
1149 31414
1153 31415
1165 31416
1171 31417
1175 31418
1202 31419
1205 31420
1213 31423
1238 31426
1259 31427
1269 31428
1281 31429
1284 31431
1407 31444
1411 31884
1415 36570
1422 43925
1425 54413
1430 57452
1432 60424
1438 60718
1442 62944
1446 63249
1451 63261
1456 63285
1461 63496
1463 63497
1466 63826
1471 64014
1473 65479
1476 67295
1477 68046
1480 68164
1485 68815
1490 68816
1495 68887
1501 68898
1506 68917
1510 68940
1514 72386
1518 74010
1521 74045
1527 74237
1532 76052
1555 81479
1559 81480
1575 81490
1580 85798
1585 85817
1590 85824
1597 85928
1600 86211
1603 86233
1606 86669
1610 86817
1613 86832
1618 86935
1622 87051
1628 87209
1632 90176
1636 91397
1638 91419
