0
87
3 0
5 1
8 193
11 194
40 923
77 987
118 1907
122 2387
213 4724
222 5279
225 5280
229 5473
236 5474
244 5475
247 5627
250 5639
255 5664
259 11448
264 11449
266 16521
269 20759
272 28975
282 29491
287 30129
291 30632
296 34767
298 34913
303 34924
307 34925
310 34935
316 35095
318 35545
323 37122
327 42263
333 46927
337 48650
344 48960
350 49423
354 49991
359 50563
362 54368
376 55228
386 55229
392 55230
399 55257
404 55258
408 55269
418 55389
428 55493
473 55829
479 55838
490 55860
501 55861
506 56189
510 56190
518 56191
522 56192
526 56198
531 56217
537 56456
541 56459
543 56460
547 56500
1069 56857
1071 57024
1074 57933
1077 58690
1079 58694
1081 59292
1083 60734
1087 61737
1089 61746
1092 62461
1096 64393
1098 64912
1099 65374
1104 65768
1106 65891
1111 66451
1117 66550
1118 66904
1120 67579
1125 68021
1129 68222
1132 69755
1133 70899
1137 71082
