0
186
3 0
5 1
8 193
11 194
40 923
77 987
118 1907
122 2387
213 4724
222 5279
225 5280
229 5473
236 5474
244 5475
247 5627
250 5639
255 5664
259 11448
264 11449
266 16521
269 20759
272 28975
282 29491
287 30129
291 30632
296 34767
298 34913
303 34924
307 34925
310 34935
316 35095
318 35545
323 37122
327 42263
333 46927
337 48650
344 48960
350 49423
354 49991
359 50563
362 54368
376 55228
386 55229
392 55230
399 55257
404 55258
408 55269
418 55389
428 55493
473 55829
479 55838
490 55860
501 55861
506 56189
510 56190
518 56191
522 56192
526 56198
531 56217
537 56456
541 56459
543 56460
547 56500
550 57137
554 57138
558 57274
559 57319
562 57351
564 57352
568 57353
573 57354
575 57355
578 57356
580 57357
585 57358
587 57359
591 57360
592 57361
596 57362
600 57363
604 57364
608 57365
611 57366
612 57367
614 57368
617 57374
621 57375
626 57376
628 57377
630 57393
634 57394
641 57403
642 57404
645 57409
650 57410
655 57411
659 57412
666 57413
668 57414
669 57415
670 57416
672 57417
676 57418
680 57419
681 57420
684 57437
685 57438
691 57456
696 57457
702 57468
706 57519
708 57709
712 58555
717 58578
726 58728
731 58782
732 58783
736 58890
742 58935
746 58946
751 59165
755 59179
761 59212
769 59937
772 59996
774 59997
778 59998
784 59999
786 60000
791 60001
794 60006
797 60007
800 60008
805 60066
808 60127
817 60482
820 60483
828 60512
833 60513
837 60514
840 60515
845 60516
850 60517
855 60518
859 60519
863 60520
867 60521
873 60522
878 60523
882 60524
885 60525
890 60526
894 60527
901 60528
904 60529
914 60530
918 60531
924 60532
931 60533
935 60534
940 60535
946 60536
950 60537
955 60538
957 60539
963 60540
967 60541
973 60542
980 60543
985 60544
988 60545
993 60546
997 60547
999 60548
1006 60549
1010 60550
1015 60551
1019 60552
1024 60553
1028 60554
1035 60555
1039 60556
1045 60557
1049 60558
1054 60559
1059 60560
